25
1 15
2
3 0
1 3 1 2 2
1 0
2 3 2 1 2
1 4 1 2 2 3
1 0
2 2 1 3
1 0
3 3 2 1 3
2 1 3
1 1 1
1 1 3
2 1 3
1 1 2
3 4 3 2 1 2
3 5
1 2 2
2 0
2 1 1
2 2 1 2
1 2 1 2
2 1 1
2 20
8 3
13 1 8
20 1 13
19 3 15 4 20
18 1 19
15 1 18
6 1 15
1 1 6
9 1 1
14 3 17 9 4
16 2 20 14
12 1 16
4 2 16 12
17 2 17 4
8 1 17
2 1 8
10 2 2 2
5 1 10
11 1 5
7 1 11
3 1 7
2 13
2 2
2 0
2 2 2 2
2 1 2
2 1 2
2 1 2
2 0
2 0
2 1 2
2 1 2
2 0
2 3 2 2 2
2 0
2 0
3 10
1 1 2
2 2 2 1
2 0
1 1 2
2 1 2
2 3 2 2 2
2 1 2
2 0
2 4 2 2 1 2
1 0
1 2 1 2
3 20
3 2 4
1 2 1 1
4 0
3 2 2 2
4 1 1
4 3 3 1 3
3 3 3 4 2
1 1 3
3 0
3 2 4 3
3 4 2 2 4 2
4 2 3 3
4 2 3 1
4 2 3 2
3 3 3 2 1
2 5 2 3 4 1 4
4 2 4 3
4 1 4
2 0
4 0
2 1 2
10 20
1 2 3 4 5 6 7 8 9 10
3 0
8 0
1 1 1
5 0
9 1 9
2 0
9 0
1 0
4 1 4
8 1 8
10 1 10
6 0
2 1 2
5 1 5
10 0
6 1 6
3 1 3
4 0
7 1 7
7 0
3 20
2 1 3
1 1 1
3 0
2 2 3 3
1 2 1 2
2 2 2 3
3 1 1
3 1 1
3 1 2
2 0
1 2 3 1
3 3 1 1 2
2 3 3 1 2
1 1 2
1 1 2
1 2 2 1
2 0
2 1 3
3 2 3 2
3 2 2 3
2 0
2 9
13 13
13 1 13
13 1 13
13 2 13 13
13 1 13
13 0
13 0
13 0
13 1 13
13 1 13
3 20
1 3 2
3 2 3 2
2 0
2 2 2 3
3 3 3 1 3
2 0
2 1 1
1 0
2 2 3 3
2 3 3 3 2
1 0
3 1 2
2 1 1
1 2 3 1
2 3 1 2 3
1 0
1 0
2 2 2 2
1 3 1 2 2
1 1 3
1 0
1 1
2
2 0
3 19
1 1 1
1 0
1 0
1 0
1 0
1 0
1 0
1 1 1
1 1 1
1 1 1
1 1 1
1 1 1
1 1 1
1 1 1
1 1 1
1 1 1
1 2 1 1
1 2 1 1
1 2 1 1
1 2 1 1
20 15
2 4 3 5 5 2 1 1 3 1 3 2 1 2 2 5 5 5 1 1
4 0
5 2 2 2
2 1 4
3 1 5
3 1 3
4 1 2
3 3 3 5 1
1 2 5 3
5 1 3
3 2 3 4
1 1 3
1 1 1
3 2 4 3
3 1 5
5 1 1
1 1
2
2 3 1 2 3
2 15
3 1
2 0
3 0
2 1 2
3 1 1
1 1 1
2 1 2
1 0
3 3 3 3 2
2 2 1 3
2 1 2
3 2 2 3
3 0
3 2 2 2
1 2 2 3
1 0
2 20
19 4
13 1 8
5 3 7 17 3
3 1 18
4 1 5
2 2 15 16
17 4 20 11 4 20
1 2 19 19
16 1 18
8 2 6 3
6 3 20 7 14
14 3 1 15 9
9 2 19 15
7 2 1 2
12 1 6
18 1 1
20 1 10
19 2 15 20
11 2 2 14
10 2 8 12
15 2 9 13
2 20
4 1
1 2 1 1
1 0
3 2 3 1
1 2 4 2
2 1 1
3 1 3
1 3 3 2 3
4 1 4
2 0
2 0
1 2 1 2
2 1 2
2 4 2 4 1 1
3 0
1 2 2 2
2 0
2 0
1 1 3
4 0
3 0
1 1
2
1 1 1
1 4
1
1 0
1 2 1 3
2 0
3 1 2
23 5
1 2 2 3 4 1 1 3 1 3 3 1 1 1 4 4 2 4 2 3 3 1 2
4 0
3 2 2 2
3 1 1
3 2 3 4
4 1 3
1 2
2
2 0
2 1 2
4 10
2 4 5 5
4 4 2 5 6 1
1 1 4
6 1 2
4 4 4 5 1 1
2 5 3 2 2 1 4
5 3 4 4 5
1 3 4 5 2
4 0
3 4 6 2 2 4
3 2 2 3
1 1
2
1 3 1 2 3
3 3
1 1 1
1 0
1 0
1 0
2 20
3 2
3 0
2 1 3
2 0
2 2 3 1
1 1 2
1 2 3 1
2 3 2 3 2
2 0
2 0
2 1 1
2 3 2 1 2
2 0
3 4 1 1 2 2
3 2 1 1
2 2 3 2
3 3 2 1 2
3 1 3
1 1 3
1 0
2 1 3
