25
4 10
1 2 1 2
5 0
1 4 3 4 4 3
4 1 3
6 1 3
5 4 2 6 4 5
4 3 6 4 2
3 0
3 1 3
3 0
2 2 2 5
3 5
2 1 2
1 0
1 0
1 2 2 2
2 1 2
2 3 1 1 1
1 1
2
2 3 1 2 3
1 1
2
1 3 1 2 3
1 20
2
19 1 4
10 1 19
8 3 10 11 10
6 2 3 8
5 1 6
13 1 5
20 1 13
16 1 20
4 1 16
12 2 13 4
11 1 12
1 3 18 18 11
14 1 1
18 2 11 14
15 2 12 18
9 1 15
3 2 5 9
17 1 3
7 1 17
2 1 7
1 20
3
1 1 1
2 1 2
1 1 4
3 1 2
1 0
4 0
2 2 3 1
4 3 4 1 3
4 0
1 0
2 2 3 2
2 2 2 1
4 1 4
4 1 2
3 0
1 4 4 1 1 4
2 1 3
2 0
4 0
3 1 2
1 20
14
9 1 17
1 1 19
7 2 7 18
3 1 8
15 2 1 7
5 4 7 6 9 5
16 1 6
8 2 19 5
12 3 5 8 3
2 2 3 14
18 3 13 20 20
20 2 10 10
10 2 4 12
13 2 17 15
17 2 7 11
19 1 4
14 2 16 13
11 1 16
4 3 14 6 2
6 2 2 1
3 20
1 1 2
3 3 2 1 2
2 1 3
1 2 1 3
2 3 1 3 1
1 2 2 1
3 1 1
3 2 2 2
2 1 3
1 0
3 0
1 0
1 3 2 3 1
3 1 3
1 1 1
3 3 1 3 3
1 1 1
1 0
1 1 1
1 1 3
3 1 2
3 10
1 2 2
2 1 1
2 3 1 1 1
1 0
1 0
2 1 1
2 3 1 1 2
2 1 2
2 1 1
2 2 2 1
2 2 1 2
1 20
2
1 2 1 4
2 0
2 1 1
3 4 3 4 4 2
1 3 3 2 2
2 3 2 1 4
4 4 4 4 1 4
3 5 4 2 1 2 1
3 2 3 3
1 1 4
3 2 4 2
2 2 4 1
4 1 1
2 0
2 0
3 6 2 1 1 2 4 4
4 1 4
3 0
2 2 1 3
2 0
2 15
1 2
3 1 3
3 1 2
1 1 1
3 1 3
2 0
1 0
1 1 1
3 3 1 3 2
1 3 1 3 3
2 1 1
2 1 2
1 2 1 2
2 0
2 2 1 2
2 3 3 1 1
2 9
13 13
13 1 13
13 2 13 13
13 0
13 0
13 1 13
13 1 13
13 1 13
13 0
13 1 13
1 20
3
2 2 2 1
3 1 3
3 2 1 3
2 2 3 2
1 1 2
1 4 2 2 3 3
3 0
1 1 1
1 1 3
1 3 2 3 1
2 1 2
1 0
3 0
2 2 3 2
3 0
2 3 2 1 1
3 2 2 1
1 2 2 3
1 2 2 3
2 1 2
2 13
2 2
2 1 2
2 1 2
2 3 2 2 2
2 1 2
2 1 2
2 0
2 0
2 0
2 0
2 2 2 2
2 1 2
2 0
2 0
1 1
2
1 1 1
20 15
2 4 4 2 3 5 3 3 5 1 1 3 5 1 2 2 5 3 4 5
1 3 3 2 3
3 0
1 0
5 1 2
5 1 4
4 3 4 5 5
5 1 2
1 1 3
2 5 2 4 1 5 1
5 1 3
5 1 2
4 1 5
3 0
4 1 5
2 1 5
1 1
2
2 0
3 19
1 1 1
1 0
1 0
1 0
1 0
1 0
1 0
1 1 1
1 1 1
1 1 1
1 1 1
1 1 1
1 1 1
1 1 1
1 1 1
1 1 1
1 2 1 1
1 2 1 1
1 2 1 1
1 2 1 1
2 20
1 1
1 3 2 2 1
2 2 2 3
3 3 2 1 1
1 2 3 3
2 0
2 1 2
3 1 3
3 2 2 2
3 2 3 2
2 0
3 2 2 2
3 1 3
2 1 3
1 0
3 1 3
3 0
1 3 2 1 1
3 3 3 1 2
3 1 3
1 1 2
1 2
2
2 0
2 1 2
10 20
1 2 3 4 5 6 7 8 9 10
2 0
7 1 7
9 1 9
1 0
8 1 8
10 0
5 0
9 0
3 0
6 1 6
1 1 1
4 1 4
8 0
7 0
4 0
10 1 10
2 1 2
6 0
5 1 5
3 1 3
23 5
1 4 4 1 4 3 4 2 1 4 1 3 2 2 3 4 4 1 3 3 4 1 2
1 1 2
1 0
1 1 4
4 2 1 4
3 2 2 1
3 15
3 3 3
2 0
1 1 3
1 1 3
1 3 2 3 1
1 2 1 3
2 1 3
2 1 3
1 2 1 1
1 0
1 5 1 2 3 2 3
1 4 1 2 3 1
3 0
1 0
1 1 1
3 2 3 1
1 4
1
1 0
1 2 1 3
2 0
3 1 2
3 3
1 1 1
1 0
1 0
1 0
