25
5 20
2 1 2 2 3
2 0
1 2 2 1
2 0
2 1 3
1 1 2
1 0
3 0
2 2 2 2
1 0
3 2 1 3
3 1 2
1 1 2
2 3 3 3 3
3 1 1
2 0
2 1 3
2 0
3 2 1 3
3 0
1 0
2 13
2 2
2 2 2 2
2 1 2
2 0
2 1 2
2 0
2 0
2 1 2
2 1 2
2 1 2
2 0
2 0
2 3 2 2 2
2 0
2 9
13 13
13 1 13
13 0
13 1 13
13 0
13 1 13
13 0
13 2 13 13
13 1 13
13 1 13
10 20
1 2 3 4 5 6 7 8 9 10
1 1 1
4 1 4
4 0
6 0
8 1 8
1 0
3 0
2 1 2
7 1 7
10 0
9 1 9
7 0
5 0
2 0
9 0
8 0
3 1 3
10 1 10
6 1 6
5 1 5
3 19
1 1 1
1 0
1 0
1 0
1 0
1 0
1 0
1 1 1
1 1 1
1 1 1
1 1 1
1 1 1
1 1 1
1 1 1
1 1 1
1 1 1
1 2 1 1
1 2 1 1
1 2 1 1
1 2 1 1
1 1
2
2 0
23 5
2 2 1 2 1 3 4 4 4 3 3 4 2 1 1 3 4 2 2 3 1 2 3
1 0
3 3 2 1 1
1 2 2 1
3 0
3 1 1
1 2
2
2 0
2 1 2
4 15
1 1 1 3
2 0
2 3 3 3 3
1 2 3 1
1 1 1
2 2 2 1
3 2 3 2
1 2 2 1
1 0
2 0
3 1 3
2 1 2
3 1 1
2 1 3
1 1 1
1 1 2
3 20
3 3 3
2 1 1
2 2 1 3
2 1 1
2 1 4
1 2 2 4
1 0
2 0
2 2 1 4
2 3 1 4 3
1 2 4 3
3 2 3 1
1 2 3 3
3 2 2 2
4 0
2 3 1 3 2
4 7 2 1 2 2 3 2 1
3 2 3 1
1 0
2 2 3 1
3 3 4 3 4
3 10
4 1 1
3 4 4 1 5 6
6 5 6 1 1 5 4
5 5 1 6 6 6 2
3 4 5 2 1 4
5 5 4 2 1 6 6
1 2 1 4
6 4 2 2 3 1
5 3 3 4 4
3 2 6 6
6 3 6 1 6
20 15
3 4 3 5 4 5 5 4 1 2 2 1 2 5 1 1 5 4 3 4
2 2 3 5
3 2 5 2
3 0
1 1 3
1 1 1
5 1 4
5 2 2 1
3 1 1
3 0
2 0
2 2 1 4
2 2 5 2
3 2 5 5
4 3 5 3 2
1 1 5
3 3
1 1 1
1 0
1 0
1 0
3 5
1 1 2
1 2 2 2
2 0
2 1 2
2 1 2
1 2 2 1
1 1
2
1 3 1 2 3
1 1
2
1 1 1
1 20
11
18 2 6 3
2 2 19 18
4 1 2
1 1 4
19 1 1
3 1 19
12 1 3
9 1 12
13 3 19 9 9
20 1 13
5 1 20
8 1 5
16 2 11 8
15 1 16
7 2 6 15
17 2 14 7
6 2 9 17
14 1 6
10 1 14
11 2 3 10
1 4
1
1 0
1 2 1 3
2 0
3 1 2
1 1
2
2 3 1 2 3
3 20
4 1 2
4 1 4
2 0
3 2 1 4
1 0
2 0
4 2 4 4
4 2 1 2
1 1 3
3 1 2
2 2 2 1
1 0
2 2 1 3
2 1 3
1 0
1 1 1
2 0
1 2 2 1
4 0
3 2 4 2
1 0
3 10
2 1 1
1 1 1
1 0
2 0
1 1 1
2 2 2 2
2 0
2 3 1 1 1
1 3 2 1 1
2 1 2
1 3 2 1 2
1 20
20
18 2 9 13
2 3 3 7 17
13 1 4
5 2 6 10
7 1 14
3 2 1 11
20 2 19 6
17 1 3
19 1 8
10 3 2 18 9
1 1 7
15 1 18
6 3 4 14 15
16 1 5
11 3 5 19 20
9 2 16 4
8 5 10 20 12 1 13
4 2 19 1
14 2 15 2
12 1 16
3 20
1 2 2
2 0
1 2 2 3
3 1 1
2 1 1
1 0
3 2 1 2
2 0
3 3 3 1 3
3 1 3
2 1 3
3 2 1 2
1 5 3 2 1 1 1
3 0
3 1 3
2 1 2
1 0
2 2 3 3
3 2 2 2
2 0
3 3 3 3 1
2 15
1 2
1 0
1 0
2 1 2
2 1 3
2 4 1 2 3 2
3 1 3
3 1 3
3 0
3 0
1 2 1 1
2 1 3
3 2 2 3
2 3 3 2 1
2 0
3 0
5 20
2 3 3 1 1
3 4 2 1 3 1
1 2 3 3
2 0
1 1 3
3 1 3
2 2 1 1
1 1 1
3 1 3
1 2 1 2
1 1 2
1 4 3 3 3 1
1 0
1 2 2 3
1 2 2 2
1 2 3 3
1 2 2 1
1 1 3
3 2 1 2
1 3 2 1 3
2 2 2 2
