1000
21 197
79 836
27 245
71 756
150 607
30 891
90 555
156 630
85 895
12 564
9 19
321 643
379 759
317 635
112 225
1 1000
126 510
126 509
126 511
126 692
117 717
117 716
117 718
117 793
298 597
298 999
84 342
84 341
84 343
84 418
326 653
326 710
116 711
116 710
116 712
116 925
142 867
142 866
142 868
142 999
37 237
37 236
37 238
37 316
193 387
193 523
111 223
111 358
111 450
111 449
111 451
111 483
204 822
204 821
204 823
204 868
56 738
56 737
56 739
56 871
269 539
269 622
260 521
260 855
312 625
312 869
43 273
43 272
43 274
43 318
34 474
34 473
34 475
34 516
160 321
160 446
126 510
126 509
126 511
126 596
185 371
185 558
51 103
51 129
60 645
60 644
60 646
60 771
319 639
319 653
175 351
175 563
211 423
211 664
112 225
112 453
77 314
77 313
77 315
77 402
53 107
53 154
395 791
395 986
288 577
288 968
25 690
25 689
25 691
25 761
64 834
64 833
64 835
64 859
468 937
468 982
21 780
21 779
21 781
21 808
286 573
286 603
105 645
105 644
105 646
105 660
47 515
47 514
47 516
47 567
87 354
87 353
87 355
87 371
136 831
136 830
136 832
136 994
148 598
148 597
148 599
148 649
330 661
330 717
135 546
135 545
135 547
135 583
139 562
139 561
139 563
139 671
404 809
404 909
33 375
33 374
33 376
33 385
52 214
52 213
52 215
52 239
265 531
265 923
379 759
379 955
57 357
57 356
57 358
57 453
135 271
135 325
20 136
20 306
20 305
20 307
20 327
143 287
143 572
206 413
206 527
34 870
34 869
34 871
34 899
10 333
10 332
10 334
10 379
130 526
130 525
130 527
130 614
67 274
67 273
67 275
67 335
192 774
192 773
192 775
192 861
58 117
58 199
346 693
346 940
21 456
21 455
21 457
21 479
24 102
24 101
24 103
24 122
203 818
203 817
203 819
203 847
11 540
11 539
11 541
11 544
216 870
216 869
216 871
216 911
266 533
266 731
41 356
41 355
41 357
41 365
365 731
365 839
42 174
42 173
42 175
42 214
318 637
318 691
43 808
43 807
43 809
43 832
327 655
327 974
155 626
155 625
155 627
155 883
372 745
372 879
115 231
115 381
224 449
224 858
293 587
293 960
2 90
2 89
2 91
2 114
6 13
6 19
72 447
72 446
72 448
72 545
319 639
319 831
66 411
66 410
66 412
66 448
32 284
32 283
32 285
32 343
187 754
187 753
187 755
187 988
42 679
42 678
42 680
42 733
163 327
163 421
469 939
469 989
118 478
118 477
118 479
118 558
193 387
193 545
143 578
143 577
143 579
143 779
318 637
318 775
32 729
32 728
32 730
32 777
149 299
149 576
72 930
72 929
72 931
72 986
51 805
51 804
51 806
51 920
351 703
351 728
50 101
50 170
150 301
150 605
71 290
71 289
71 291
71 357
111 226
183 373
248 993
64 398
64 400
64 512
19 293
19 295
19 351
124 758
124 760
124 962
99 608
99 610
99 797
31 615
31 617
31 619
137 448
142 573
142 575
142 819
217 806
311 915
254 629
65 547
65 549
65 679
384 949
360 874
52 818
52 820
52 899
43 474
43 476
43 532
64 539
64 541
64 648
169 681
169 683
169 945
393 869
174 701
174 703
174 926
7 33
7 35
7 36
14 343
14 345
14 368
139 848
139 850
139 960
13 742
185 614
378 863
360 930
2 628
2 630
2 678
75 794
75 796
75 956
64 398
64 400
64 506
17 529
17 531
17 550
235 803
139 319
75 794
75 796
75 960
98 397
98 399
98 450
158 962
158 964
158 974
141 569
141 571
141 597
308 646
265 985
195 785
195 787
195 915
145 884
145 886
145 985
169 418
214 534
198 797
198 799
198 800
345 812
221 774
285 656
322 852
147 400
215 568
29 496
29 498
29 528
364 747
75 305
75 307
75 438
178 717
178 719
178 938
330 832
86 904
86 906
86 915
391 968
114 698
114 700
114 722
90 747
90 749
90 921
219 877
203 581
132 396
256 677
25 296
218 783
241 551
40 872
40 874
40 892
144 581
144 583
144 661
275 559
97 803
97 805
97 976
29 77
175 705
175 707
175 752
341 991
150 392
150 326
14 139
14 141
14 144
247 777
363 963
40 650
40 652
40 742
331 779
302 745
40 165
40 167
40 235
21 530
21 532
21 593
130 384
270 606
127 313
54 221
54 223
54 227
351 736
78 824
78 826
78 920
68 881
68 883
68 949
25 294
25 296
25 306
454 931
9 37
17 458
17 460
17 510
69 734
69 736
69 810
60 620
134 381
84 530
32 402
167 807
135 708
232 575
83 175
62 490
77 750
280 650
163 838
15 97
349 720
207 956
108 680
122 865
117 684
350 888
69 462
428 985
213 790
270 685
67 943
38 614
397 900
253 756
57 360
382 800
224 675
279 962
216 445
146 297
54 124
86 361
358 916
115 253
87 599
187 697
261 595
62 517
178 607
89 869
231 551
46 783
215 994
61 410
3 654
47 176
171 614
183 633
167 699
158 696
119 830
9 358
39 935
102 945
267 990
80 948
235 863
118 570
32 282
327 845
220 844
196 638
194 964
45 958
301 746
187 568
151 667
183 713
308 773
98 414
204 683
269 638
333 706
102 301
15 151
254 815
233 796
295 973
238 677
148 801
68 986
255 540
289 780
49 571
116 650
169 491
186 981
192 744
18 87
104 418
9 938
119 240
67 382
107 347
248 891
235 899
196 833
438 906
139 280
86 530
136 493
16 660
8 492
11 925
436 960
66 940
61 947
472 967
411 876
225 478
123 743
40 564
95 508
141 784
170 837
131 784
113 353
58 851
156 804
262 982
94 679
189 585
389 976
114 549
145 338
259 867
149 993
348 798
10 26
54 372
242 563
178 928
235 665
343 816
164 581
56 656
127 775
312 816
225 846
239 867
136 646
83 571
122 307
208 880
95 427
206 783
133 473
289 748
17 165
45 162
208 496
167 367
130 920
24 809
60 125
457 927
57 437
436 894
324 935
190 683
197 644
163 928
303 715
297 599
161 788
31 242
104 676
241 752
181 436
204 518
23 545
93 995
140 381
441 969
371 946
156 778
142 831
287 725
309 835
54 113
233 661
121 627
1 435
163 874
412 916
3 320
119 922
63 901
388 957
99 930
83 684
20 388
50 588
21 602
7 831
38 301
281 760
112 312
154 753
10 162
219 793
183 985
111 467
322 829
26 960
383 821
450 956
139 734
218 566
159 773
97 612
440 958
360 810
15 570
176 406
77 574
147 467
194 424
398 994
179 603
18 684
296 739
299 900
357 852
179 586
59 235
159 549
228 619
41 377
199 919
20 275
46 230
239 600
170 822
360 899
337 697
11 510
43 341
152 711
44 123
211 805
252 764
304 801
176 548
74 317
4 491
157 371
17 365
25 215
402 989
18 46
130 423
290 891
97 318
228 497
272 945
385 783
154 697
151 429
98 570
145 988
286 858
78 471
310 816
68 596
43 665
353 744
106 753
11 291
139 354
252 745
457 926
87 378
189 929
68 525
160 899
293 832
196 544
84 847
372 792
133 282
238 896
381 926
160 640
158 355
137 345
78 869
112 293
287 957
137 361
7 138
288 730
324 950
44 371
212 451
262 664
6 973
425 943
152 572
141 601
169 594
267 677
146 715
47 966
311 987
70 956
69 960
19 550
38 898
174 992
195 738
93 592
25 250
288 920
64 316
417 973
124 760
96 704
162 638
165 740
107 789
394 878
27 98
189 746
301 626
187 579
86 225
387 828
94 981
390 840
74 361
277 791
345 884
89 266
117 777
293 739
329 735
138 534
279 840
11 462
35 227
217 866
14 327
77 816
194 732
10 174
33 197
28 823
88 501
131 927
392 926
15 115
109 459
157 558
275 907
20 611
7 214
49 915
215 978
78 834
187 735
105 263
411 968
31 951
46 776
120 728
183 537
129 464
135 841
99 941
84 628
74 421
90 662
123 628
321 958
91 922
7 836
134 489
190 564
351 890
146 451
31 215
145 505
88 270
13 84
70 623
127 266
28 707
193 425
43 289
268 668
152 330
79 169
100 380
15 430
92 269
226 681
29 248
92 633
174 580
104 279
205 863
93 237
109 251
17 231
244 638
201 822
249 998
121 392
491 988
348 834
229 519
146 533
123 699
286 842
357 761
174 680
337 908
204 846
176 571
23 853
46 748
95 862
298 816
14 976
130 945
209 610
143 523
424 999
61 395
420 886
342 827
95 947
173 525
360 795
22 954
101 703
203 441
346 746
19 142
346 740
450 985
144 674
27 845
171 642
31 87
132 837
123 332
131 809
116 463
305 845
310 842
168 962
64 188
40 185
181 782
179 973
59 671
35 661
224 762
42 551
148 550
423 932
162 898
442 941
415 874
307 896
103 772
140 528
17 143
310 642
199 862
10 757
331 825
304 761
33 231
72 743
147 515
279 690
88 495
280 964
431 940
164 933
